5598987239715
5511958816033
5561995171194
5519992479192
5591982438149
5562991764749
5575999119916
5574988256295
5547992329965
5511982844048
5541999239298
5591985847892
5598970144302
5583999520227
5566992053345
5573999441025
5511959920426
5585992773437
5585991204095
5563992049983
5524998414510
5561993020262
5534997227320
5563991034130
5587999988621
5541998066185
5521985473122
5567996053362
5511999863805
5537998725610
5541995039672
5517997722376
5527999372213
5567981180511
5581983111068
5596984003125
5594984450279
5543984234305
5527997457549
5518996400845
5585997284348
5516988073190
5541992481090
5598985942080
5521972550256
5587991231062
5533991207240
5591984992386
5518997799540
5521975394634
5517981919046
5561998545247
5551995452761
5583999270050
5598982016100
5592986059791
5571992179640
5581988493428
5566984525486
5531989767640
5514998971164
5565993356748
5512988989871
5569992943551
5541999451732
5565993398465
5592986192975
5548996183857
5599984246563
5599984958473
5548984059472
5511980363020
5551996602335
5598988158701
5511999762550
5534998072161
5591991031961
5554991815070
5551995258765
5511971236962
5551989142485
5592992098479
5512997262241
5521999235161
5585981933151
5511965452382
5581989491020
5586994510466
5561991916068
5577999863023
5515996832113
5511966350406
5511930751609
5547997207867
5591989451103
5596984080146
5565992877489
5515996034535
5594991251989
5551992446714
5547999576288
5524999610939
5511953935588
5521964328697
5598987879669
5528999777845
5541995442469
5511947255077
5549999343486
5598984356269
5516996149803
5522981546381
5594992867912
5585999441681
5585992547598
5563992842837
5571992987911
5547997931319
5575992907761
5598985504617
5594981289187
5531996150047
5542984174015
5518991616161
5511944962133
5511982675873
5541995329806
5581983555607
5511997752723
5579996392767
5533998653697
5541999657598
5541999246745
5521976476580
5561984677738
5517981132439
5584994995768
5535997419891
5511982913977
5521964097184
5598984174285
5531988178293
5511934300202
5512982270637
5511965327582
5511962659033
5564999892227
5512997445099
5594991818156
5521996508435
5574991346457
5533999357627
5528999008603
5571981598398
5599988283529
5511965457917
5513996088011
5514998188042
5562991686148
5554997098356
5511947213931
5585987931865
5521964631222
5582996177409
5516993610100
5513991902093
5593991102247
5583999170872
5589994596156
5598988402416
5591993351568
5545998130208
5527995124437
5535998782867
5514988382223
5511979582017
5593991738900
5511974987930
5581994385037
5517981455556
5571999572120
5567999814431
5585991939222
5517997575386
5589994590505
5588988818352
5544984313338
5511963655447
5565984485070
5574999252151
5561981551209
5518991528068
5519999580008
5599984047140
5541996813921
5548991951964
5521982027765
5551999024601
5585999396850
5545999666137
5514998992675
5562994015150
5513974200169
5567998054824
5544998367419
5591998112404
5591988901006
5591993291858
5595981129535
5561996446107
5511968656087
5592992163388
5513997675464
5585988247567
5589994535728
5511993258157
5551998761683
5599981433462
5575983252598
5551994239833
5581986859389
5519991600112
5511945774224
5538998355270
5531982512356
5544999552520
5551981678682
5593991092633
5511950709229
5561996684605
5584981284359
5586999994144
5512981637055
5511968673754
5584996040400
5519988448180
5511942733337
5512987110138
5585987859367
5521983564974
5511977600614
5585992143328
5573998719827
5599988452091
5575988985297
5511961458613
5571987879705
5517996230517
5585982371710
5511982892656
5538999469841
5511995891620
5521990579607
5521965035730
5585992775506
5591982480628
5517999796657
5584999343621
5511951904932
5565999887766
5514991866423
5588981703794
5589994422245
5511989228941
5598984069562
5544998101509
5521992337654
5585992723674
5599984718089
5527992750060
5554996402503
5524999865030
5593991703861
5521998713036
5519999917848
5513996845206
5584991096197
5511996383144
5596991015184
5592994645561
5583993348982
5535997771579
5567992938929
5542999297406
5538998647274
5511949459292
5511962828519
5565992584237
5511996515337
5517997360229
5594984035262
5521988167826
5598987912274
5553999939727
5521999756170
5571982733904
5544998783763
5522998547903
5584998370839
5511970533592
5532988154041
5521994123497
5522998377732
5547991930024
5598970116320
5521983279196
5571981775708
5595981051567
5512982065276
5531985123946
5531991549616
5511961748253
5599992301277
5541996862959
5565996132363
5511999450887
5511963142560
5582999685534
5574988289394
5521991001745
5595984373813
5563992380607
5562995196392
5565981100047
5511986529703
5593991605187
5567991606454
5548984663670
5579996486201
5549991196320
5518998138796
5511939326153
5592992375157
5591981129931
5547996903110
5595984070997
5531986408988
5588981793506
5544984269631
5535998338958
5581993589921
5547999729955
5514998679889
5521990622491
5583991273027
5519999215917
5538997410089
5598981516061
5522981559234
5567996297042
5513997356453
5511997000081
5521969384230
5512988774581
5547996432602
5566992249494
5511996340799
5569999239918
5597981084548
5521997069140
5566984056186
5579998914221
5521993991002
5531982089107
5598982494443
5514998612776
5551993106769
5511992167227
5516974047730
5511950830228
5589994156669
5522997333532
5511980300068
5597984391337
5567999006454
5598989119505
5598985834224
5513991348106
5583991625334
5511987884966
5527996174511
5593984108210
5571992838142
5511984882696
5562985616955
5521991019361
5577991359742
5519987812959
5551997498381
5582991175437
5566981173652
5521967207837
5511999096747
5543996802904
5598981697785
5582999805980
5562981768237
5515997827734
5521968609643
5598996118231
5521998840316
5531998040773
5591981704097
5596981124802
5513996458373
5527999273596
5541997025447
5599991171367
5564992037518
5549988671225
5577999865457
5561983331834
5598991678908
5598970140548
5521995578910
5586994933874
5514998780172
5582994098534
5533988572199
5512996405750
5521959078429
5589981090158
5598985721550
5561994154130
5544999267933
5565992770467
5541996827857
5514991424430
5516997417924
5511976290915
5527988261162
5554999902282
5511973439734
5512996501464
5521964363738
5531983067453
5528999123891
5515996265018
5581989487881
5544999042804
5524999974366
5561996294883
5527999524676
5519993187560
5592981530560
5598996064566
5565981173010
5511984521156
5527999725892
5584988545057
5565999071810
5534996899537
5577998603538
5511983410721
5511999721414
5519991590574
5565998102826
5519992454478
5527998651413
5519997994521
5551989283475
5519971012779
5531993542125
5542999481473
5521994030288
5594992803871
5521999697666
5591985514920
5571999056538
5538999933307
5598985789876
5511944703941
5555999066253
5565999217984
5518998150870
5544998124782
5524998790411
5563992116047
5513991319532
5542998089171
5522997044932
5551989959935
5593991072229
5593984178872
5538991198909
5538998497497
5567996492302
5519994205207
5565999418549
5519987245605
5535999716780
5598970108896
5547991449467
5571997103396
5582994364413
5521995380236
5555999399129
5588996416269
5571992058522
5511951408739